1.18258
-0.175304
1.21544
-0.208732
0.578465
0.405135
1.07858
-0.0735268
0.986344
0.0143522
0.578465
0.405135
0.893518
0.103098
1.11693
-0.111233
1.02789
-0.0250464
0.83519
0.154327
1.16988
-0.13246
1.14823
-0.114048
0.66191
0.327622
1.14587
-0.111441
1.02964
-0.00867073
0.66191
0.327622
0.947333
0.0653866
1.13314
-0.0983154
1.09172
-0.0639321
0.846869
0.15642
1.17371
-0.16014
1.19079
-0.178494
0.557504
0.427677
1.11224
-0.100904
0.996715
0.00937617
0.557504
0.427677
0.914171
0.087081
1.12174
-0.109592
1.05138
-0.0426468
0.783082
0.212409
1.112
-0.115653
1.15177
-0.157979
0.640455
0.343208
1.05625
-0.0575814
0.965914
0.0322274
0.640455
0.343208
0.920706
0.07553
1.08205
-0.0838297
1.00838
-0.00942195
0.842704
0.148463
1.1051
-0.0978716
1.13623
-0.131599
0.720846
0.27338
1.04375
-0.035293
0.95937
0.0476824
0.720846
0.27338
0.908609
0.0964713
1.06509
-0.0568639
0.99842
0.00965787
0.843001
0.158652
1.1848
-0.185113
1.21905
-0.218823
0.558128
0.422095
1.08216
-0.0852548
0.95513
0.0381521
0.558128
0.422095
0.874584
0.115812
1.11985
-0.122054
1.02404
-0.0293433
0.754188
0.232004
1.08953
-0.0267323
1.0711
-0.00353655
0.773374
0.223492
1.1687
-0.0996559
1.12449
-0.0664674
0.773374
0.223492
1.03849
0.00262133
1.17737
-0.105485
1.1545
-0.0903815
0.940098
0.0862448
1.14204
-0.135938
1.20559
-0.201141
0.634131
0.359932
1.0565
-0.049531
0.935867
0.0696971
0.634131
0.359932
0.865766
0.138185
1.0851
-0.0782403
0.995574
0.0109407
0.786653
0.214036
1.16443
-0.129756
1.1783
-0.142748
0.629138
0.357249
1.12134
-0.0933413
1.03263
-0.0150349
0.629138
0.357249
0.958906
0.0496519
1.14483
-0.115102
1.07289
-0.0507176
0.829577
0.170605
1.15374
-0.087503
1.00527
0.0468621
0.708846
0.280646
1.15988
-0.0995177
1.10056
-0.0546533
0.708846
0.280646
1.03541
-0.00431488
1.17802
-0.114699
1.14126
-0.0874396
0.912522
0.100861
1.09713
0.000159875
1.09588
0.00106987
0.758475
0.247694
1.19012
-0.0954018
1.14449
-0.0658411
0.758475
0.247694
1.07875
-0.0185453
1.19007
-0.0903584
1.20234
-0.108888
0.98221
0.0583693
1.18662
-0.18773
1.24316
-0.247288
0.509928
0.477876
1.08008
-0.0790765
0.92862
0.0712497
0.509928
0.477876
0.841315
0.156936
1.11017
-0.109573
0.997706
0.00318006
0.710476
0.285134
1.14619
-0.168546
1.19698
-0.223619
0.554143
0.423975
1.05443
-0.0731277
0.922852
0.0602085
0.554143
0.423975
0.852655
0.129875
1.09012
-0.10975
0.991627
-0.00910896
0.754425
0.226823
1.14245
-0.00775418
1.15241
-0.00973777
0.803137
0.230745
1.23278
-0.09361
1.21498
-0.0922712
0.803137
0.230745
1.12088
-0.0204333
1.21906
-0.0809769
1.22695
-0.0970311
0.994326
0.0740233
1.16021
-0.168235
1.2225
-0.23324
0.560163
0.426149
1.05473
-0.0603993
0.933976
0.0602073
0.560163
0.426149
0.847646
0.145707
1.09228
-0.098513
0.98702
0.00761646
0.736784
0.254412
1.13378
-0.091608
1.11579
-0.0764334
0.676193
0.313497
1.13491
-0.0971135
1.05624
-0.0321768
0.676193
0.313497
0.979528
0.0349617
1.13878
-0.0982643
1.1001
-0.068401
0.87127
0.130472
1.1335
-0.0808072
1.12782
-0.0716842
0.718978
0.262799
1.16597
-0.115399
1.07208
-0.0379107
0.718978
0.262799
1.00363
0.01773
1.13499
-0.0851186
1.11884
-0.0768146
0.892186
0.116054
1.18307
-0.185184
1.24203
-0.248895
0.573128
0.411046
1.09602
-0.0945064
0.95914
0.0416674
0.573128
0.411046
0.854462
0.144865
1.12148
-0.120573
1.03502
-0.0338137
0.753303
0.242326
