1.45648e-07 -7.60081e-05 14396.5 -1.407e-09 -1.1559e-05 147258
4.40245e-08 -8.06336e-05 16479.2 -3.44463e-09 -1.33431e-05 173067
3.59184e-07 -4.7295e-05 5064.06 6.13862e-10 -8.91135e-06 92354.4
2.79083e-07 -5.35045e-05 -54422.2 -5.36375e-07 -1.57615e-05 577967
1.12692e-07 -7.75772e-05 15094.3 -1.84575e-09 -0.000203011 155224
3.21684e-07 -4.04816e-05 -4208.18 -1.14392e-10 -3.42703e-06 938097
3.28892e-07 -2.87686e-05 -29019.7 -7.40029e-09 -9.33021e-06 65795.7
9.11728e-07 -0.000105168 -14102.8 3.30816e-08 -9.55039e-06 60138.8
8.35046e-08 -7.86551e-05 15697.4 -2.51145e-09 -1.24627e-05 163230
2.69024e-07 -7.1807e-05 11664 4.30301e-10 -1.6357e-05 259523
2.2446e-07 -7.27658e-05 12678.3 -1.82994e-10 -1.14135e-05 128594
3.51893e-07 -7.01328e-05 7382.39 7.11768e-10 -4.24696e-06 83614.9
3.51138e-07 -8.84626e-05 -49098.7 -4.8871e-07 -9.35515e-05 720857
3.09561e-07 -6.68758e-05 9884.8 7.22502e-10 -8.416e-06 79937.9
2.9102e-06 -0.000139788 -16209.5 1.62557e-06 -3.22361e-05 13724.8
3.29003e-07 -6.68838e-05 1547.36 7.1798e-10 -3.94018e-06 170014
3.39605e-07 -4.25383e-05 1539.61 -4.40758e-10 -5.07211e-06 -51983.9
1.81104e-07 -7.48877e-05 13736.5 -0.000969733 -3.88144e-05 1.81401e+06
