1.11855 0.386852 -0.141196 56.6668
1.12206 0.863618 0.521138 0.968671
1.07068 0.0840076 -0.135425 737.949
1.16383 0.0583914 -0.158227 1947.76
1.04892 0.581549 -0.133314 12.5606
1.07671 0.063949 -0.12564 1452.35
1.03304 0.261284 -0.113517 65.248
1.02312 1.25666 -0.157168 1.30718
1.11478 0.122455 -0.617361 116.333
1.05507 0.0727681 -0.128676 859.405
1.06782 0.0766583 -0.123264 1020.33
1.03049 0.269046 -0.100415 78.3124
1.08545 0.08248 -0.175702 529.578
1.05115 180.856 74.4873 -143.249
1.03711 1.19536 -0.163413 1.92698
1.09767 0.0626803 -0.125181 1907.14
1.0635 1.4438 -0.260257 0.865638
1.04176 0.868832 -0.129473 4.85121
0.839446 -1.04824 0.274622 -1.45436
1.01386 1.07337 -0.0920246 2.3711



