1.20935 -0.163848
1.19682 -0.156514
0.641046 0.344298
0.968864 0.043082
1.18225 -0.141357
0.498113 0.494562
1.24742 -0.197008
0.881922 0.113342
0.312576 0.550212
1.05192 -0.0276019

1.16968 -0.127263
1.1956 -0.152422
0.849514 0.152334
1.03014 -0.00956195
1.16231 -0.134797
0.322423 0.534714
1.10541 -0.0669999
0.86259 0.0958735
0.488817 0.381449
1.05712 -0.0400172

1.22418 -0.177756
1.19725 -0.152864
0.617158 0.345499
1.0036 0.0129282
1.19563 -0.15658
0.294121 0.637633
1.25119 -0.19936
0.834573 0.168149
0.130346 0.819153
1.07573 -0.0421548

1.19203 -0.173759
1.15145 -0.137707
0.703248 0.257165
0.910536 0.0718057
1.11557 -0.105232
0.482916 0.487226
1.28575 -0.262193
0.834806 0.143456
0.0370461 0.868392
0.9984 0.00138977

1.11911 -0.0767563
1.09049 -0.0540956
0.847671 0.132515
0.966575 0.0428613
1.07 -0.0383227
0.756981 0.20939
1.1661 -0.114893
0.905763 0.0921233
0.771017 0.187775
0.996999 0.0227793

1.2197 -0.16586
1.16974 -0.119115
0.709539 0.259589
0.970461 0.0515051
1.14564 -0.0989192
0.610838 0.316177
1.29095 -0.227705
0.886296 0.11225
0.299229 0.519443
1.0367 -0.00255474

0.820662 0.0505094
0.960305 -0.104295
0.75783 -0.00482743
0.991624 -0.126792
0.990519 -0.145098
0.421946 0.411322
0.612847 0.281089
0.991576 -0.130395
0.230605 0.384876
0.909853 -0.050574

1.09888 -0.0756232
1.06718 -0.0494561
0.806017 0.156665
0.940484 0.0506767
1.04321 -0.0300745
0.7328 0.217632
1.14895 -0.117297
0.898807 0.0846398
0.727344 0.199329
0.986654 0.0160476

1.16713 -0.118714
1.1733 -0.128164
0.678387 0.307784
0.984433 0.0259524
1.14286 -0.100157
0.256569 0.590521
1.09276 -0.0487878
0.947467 0.0598892
0.404099 0.370333
1.13992 -0.105185

1.01363 -0.0742305
1.03103 -0.0954129
0.734729 0.238569
1.04747 -0.151419
1.04437 -0.125713
0.576338 0.341582
0.823761 0.124156
0.903967 -0.0225357
0.571744 0.100569
0.973133 -0.0569613

0.725352 0.096818
0.798661 0.00288473
0.899992 -0.105728
0.867733 -0.1025
0.966482 -0.196497
0.516164 0.317582
0.637984 0.20702
0.856398 -0.135577
-0.296918 1.06783
0.921702 -0.184393

1.1469 -0.12874
1.09677 -0.0838172
0.730818 0.231827
0.924494 0.0644873
1.07779 -0.0688953
0.692378 0.253721
1.2191 -0.193169
0.858444 0.119838
0.436629 0.449475
1.00127 -0.00121036

1.15315 -0.121673
1.11986 -0.0932861
0.744292 0.223897
0.958829 0.0389397
1.08561 -0.0634326
0.612487 0.343286
1.21898 -0.180806
0.85133 0.13433
0.751259 0.148825
1.01577 -0.0044687


0.563465 0.191148
0.676339 0.0546167
0.673439 -0.043472
0.830945 -0.154186
0.754713 -0.0587527
0.676932 0.146597
0.416127 0.396938
0.964805 -0.356298
0.546537 0.175404
0.753252 -0.0275306

1.17831 -0.168833
1.11356 -0.108361
0.681749 0.272297
0.890709 0.0927554
1.07554 -0.0752484
0.55983 0.381634
1.28914 -0.272648
0.788881 0.181056
0.289838 0.664093
0.9711 0.020891

1.08819 -0.0717105
1.13649 -0.121965
0.706342 0.239149
0.907982 0.0641629
1.12337 -0.124168
0.472993 0.489632
0.997746 0.0192497
0.955188 -0.00087393
0.326725 0.583002
1.08222 -0.0961163


1.06739 -0.0718699
1.11704 -0.120953
0.878717 -0.017447
1.0247 -0.0703573
1.09632 -0.100176
1.11189 -0.180276
0.935402 0.0729078
0.829239 0.131834
0.529603 0.154423
1.11219 -0.131341

1.10636 -0.0850095
1.11423 -0.0936037
0.772121 0.197078
0.952054 0.0479284
1.087 -0.0722745
0.512669 0.428796
1.18563 -0.158451
0.876459 0.0984857
0.231641 0.736767
1.00562 -0.0011201

