0.0125783 0.946628 -8.07868e-05
0.014027 0.922487 0.00199285
0.0204163 0.842184 0.00544074
0.00967539 1.002 -0.00521174
0.0113541 0.968268 -0.00161261
0.01366 0.929446 0.000433872
0.0167911 0.884195 0.00189443
0.011151 0.975407 -0.00291395
0.0124297 0.94938 -0.000376525
0.0154194 0.904457 0.00170127
0.00897248 1.01951 -0.00623046
0.0239908 0.809361 0.00957243
0.011924 0.959413 -0.000339925
0.0130403 0.938958 -0.00104804
0.0135669 0.930007 0.000301171
0.0102693 0.990223 -0.00395949
0.0105547 0.984814 -0.00353739
0.0117953 0.960008 -0.000670698
0.0141749 0.918517 0.00128936
0.0189824 0.860293 0.00254762
